{
 "cells": [
  {
   "cell_type": "code",
   "execution_count": 1,
   "metadata": {},
   "outputs": [],
   "source": [
    "'''\n",
    "! pip install pandas\n",
    "! conda install -c conda-forge pyts\n",
    "\n",
    "'''\n",
    "import os\n",
    "import numpy as np\n",
    "import pandas as pd\n",
    "import matplotlib.pyplot as plt\n",
    "import scipy.io as spio\n"
   ]
  },
  {
   "cell_type": "markdown",
   "metadata": {},
   "source": [
    "## Importing vibration data\n",
    "In this stage we are going to load all the dataset for the case western reverse university dataset for bearings. Then we try to create a class that generate the image representetive of the timeseries by sliding a nonoverlaping window."
   ]
  },
  {
   "cell_type": "code",
   "execution_count": 2,
   "metadata": {},
   "outputs": [
    {
     "name": "stdout",
     "output_type": "stream",
     "text": [
      "['./DataSetC.mat', './DataSetA.mat', './DataSetB.mat']\n"
     ]
    }
   ],
   "source": [
    "## In the first step we search for all the \".mat\" files and try to extract them and \n",
    "## Reconstruct them into a new dataframe\n",
    "## **Note**: This is assumed that all three .mat files exist in the same directory of this python file\n",
    "data_root_path = '.' \n",
    "data_paths = []\n",
    "for file in os.listdir(data_root_path):\n",
    "    if '.mat' in file:\n",
    "        data_paths.append(data_root_path+'/'+file)\n",
    "print(data_paths)\n",
    "num_min_samples = 1e10\n",
    "whole_data = {}\n",
    "for file in data_paths:   \n",
    "    mat = spio.loadmat(file, squeeze_me=True) # Load the dataset\n",
    "    name = file.replace('.mat','').replace('./','')  \n",
    "    data = {}\n",
    "    for i in range(1,len(mat)-2): \n",
    "        data[i]=mat.get('C{}'.format(i))\n",
    "        if num_min_samples >= len(data[i]): num_min_samples = len(data[i]) \n",
    "    whole_data[name] = data"
   ]
  },
  {
   "cell_type": "markdown",
   "metadata": {},
   "source": [
    "## Image representation of the entire dataset\n",
    "In this section we use two methods GAF and MTF for generating the image representation of the vibration dataset"
   ]
  },
  {
   "cell_type": "code",
   "execution_count": 3,
   "metadata": {},
   "outputs": [
    {
     "data": {
      "text/plain": [
       "{'DataSetC': {1: array([[[-0.95135936, -0.81948817, -0.44492375, ..., -0.92546986,\n",
       "           -0.92888008, -0.8341924 ],\n",
       "          [-0.81948817, -0.61581201, -0.16325391, ..., -0.77402444,\n",
       "           -0.77975624, -0.63620203],\n",
       "          [-0.44492375, -0.16325391,  0.32918499, ..., -0.37624914,\n",
       "           -0.38466802, -0.1889937 ],\n",
       "          ...,\n",
       "          [-0.92546986, -0.77402444, -0.37624914, ..., -0.89432915,\n",
       "           -0.89836505, -0.79031455],\n",
       "          [-0.92888008, -0.77975624, -0.38466802, ..., -0.89836505,\n",
       "           -0.90232649, -0.79585948],\n",
       "          [-0.8341924 , -0.63620203, -0.1889937 , ..., -0.79031455,\n",
       "           -0.79585948, -0.65615705]],\n",
       "  \n",
       "         [[-0.70755334, -0.81287743, -0.98493001, ..., -0.42310499,\n",
       "           -0.18545243, -0.57368839],\n",
       "          [-0.81287743, -0.89663991, -0.99994188, ..., -0.5645724 ,\n",
       "           -0.3425013 , -0.69903534],\n",
       "          [-0.98493001, -0.99994188, -0.9059782 , ..., -0.86633067,\n",
       "           -0.715592  , -0.93976457],\n",
       "          ...,\n",
       "          [-0.42310499, -0.5645724 , -0.86633067, ..., -0.08759655,\n",
       "            0.16191229, -0.25885968],\n",
       "          [-0.18545243, -0.3425013 , -0.715592  , ...,  0.16191229,\n",
       "            0.40132718, -0.01150403],\n",
       "          [-0.57368839, -0.69903534, -0.93976457, ..., -0.25885968,\n",
       "           -0.01150403, -0.42229344]],\n",
       "  \n",
       "         [[-0.99950024, -0.97370992, -0.99978743, ..., -0.97006233,\n",
       "           -0.84307704, -0.85160734],\n",
       "          [-0.97370992, -0.909797  , -0.97615606, ..., -0.90325466,\n",
       "           -0.72068288, -0.73172648],\n",
       "          [-0.99978743, -0.97615606, -0.99995371, ..., -0.97267436,\n",
       "           -0.84894016, -0.85732025],\n",
       "          ...,\n",
       "          [-0.97006233, -0.90325466, -0.97267436, ..., -0.89649532,\n",
       "           -0.70985116, -0.72107426],\n",
       "          [-0.84307704, -0.72068288, -0.84894016, ..., -0.70985116,\n",
       "           -0.45001216, -0.46429959],\n",
       "          [-0.85160734, -0.73172648, -0.85732025, ..., -0.72107426,\n",
       "           -0.46429959, -0.47846719]],\n",
       "  \n",
       "         ...,\n",
       "  \n",
       "         [[-0.89325496, -0.87785809, -0.72774336, ..., -0.9996842 ,\n",
       "           -0.99371265, -0.99379013],\n",
       "          [-0.87785809, -0.86149584, -0.70460253, ..., -0.99996775,\n",
       "           -0.99687854, -0.9895543 ],\n",
       "          [-0.72774336, -0.70460253, -0.50166067, ..., -0.96525566,\n",
       "           -0.98432124, -0.92066715],\n",
       "          ...,\n",
       "          [-0.9996842 , -0.99996775, -0.96525566, ..., -0.86953998,\n",
       "           -0.82330331, -0.92870453],\n",
       "          [-0.99371265, -0.99687854, -0.98432124, ..., -0.82330331,\n",
       "           -0.77082987, -0.89294271],\n",
       "          [-0.99379013, -0.9895543 , -0.92066715, ..., -0.92870453,\n",
       "           -0.89294271, -0.97055824]],\n",
       "  \n",
       "         [[-0.88384399, -0.59435219, -0.61592739, ..., -0.99513862,\n",
       "           -0.95806863, -0.89605866],\n",
       "          [-0.59435219, -0.18778134, -0.21432971, ..., -0.93974488,\n",
       "           -0.73970176, -0.61568356],\n",
       "          [-0.61592739, -0.21432971, -0.24072065, ..., -0.94866441,\n",
       "           -0.75766623, -0.6368116 ],\n",
       "          ...,\n",
       "          [-0.99513862, -0.93974488, -0.94866441, ..., -0.77500868,\n",
       "           -0.95685701, -0.99214305],\n",
       "          [-0.95806863, -0.73970176, -0.75766623, ..., -0.95685701,\n",
       "           -0.99554338, -0.96540116],\n",
       "          [-0.89605866, -0.61568356, -0.6368116 , ..., -0.99214305,\n",
       "           -0.96540116, -0.90763011]],\n",
       "  \n",
       "         [[-0.88510659, -0.99988661, -0.97483799, ..., -0.64383308,\n",
       "           -0.81976784, -0.93176222],\n",
       "          [-0.99988661, -0.89872004, -0.76881068, ..., -0.92016869,\n",
       "           -0.99010728, -0.99525509],\n",
       "          [-0.97483799, -0.76881068, -0.59488015, ..., -0.98683844,\n",
       "           -0.99509502, -0.94364604],\n",
       "          ...,\n",
       "          [-0.64383308, -0.92016869, -0.98683844, ..., -0.30722109,\n",
       "           -0.54281039, -0.72567226],\n",
       "          [-0.81976784, -0.99010728, -0.99509502, ..., -0.54281039,\n",
       "           -0.74148982, -0.87888474],\n",
       "          [-0.93176222, -0.99525509, -0.94364604, ..., -0.72567226,\n",
       "           -0.87888474, -0.96663481]]]),\n",
       "  2: array([[[ 0.74474993,  0.77936877,  0.64397364, ..., -0.68526544,\n",
       "           -0.80904463, -0.87949342],\n",
       "          [ 0.77936877,  0.81175758,  0.6839611 , ..., -0.64534162,\n",
       "           -0.77645903, -0.85278716],\n",
       "          [ 0.64397364,  0.6839611 ,  0.53050982, ..., -0.78048872,\n",
       "           -0.88336964, -0.93746542],\n",
       "          ...,\n",
       "          [-0.68526544, -0.64534162, -0.78048872, ..., -0.71140572,\n",
       "           -0.56788966, -0.45437262],\n",
       "          [-0.80904463, -0.77645903, -0.88336964, ..., -0.56788966,\n",
       "           -0.40445515, -0.2803043 ],\n",
       "          [-0.87949342, -0.85278716, -0.93746542, ..., -0.45437262,\n",
       "           -0.2803043 , -0.15125644]],\n",
       "  \n",
       "         [[-0.04298291, -0.26292163, -0.5467632 , ..., -0.68162763,\n",
       "           -0.70073899, -0.71319931],\n",
       "          [-0.26292163, -0.46983345, -0.71843268, ..., -0.82659915,\n",
       "           -0.84119304, -0.85058922],\n",
       "          [-0.5467632 , -0.71843268, -0.89746614, ..., -0.95957327,\n",
       "           -0.96668085, -0.97104078],\n",
       "          ...,\n",
       "          [-0.68162763, -0.82659915, -0.95957327, ..., -0.99352916,\n",
       "           -0.99618524, -0.99756805],\n",
       "          [-0.70073899, -0.84119304, -0.96668085, ..., -0.99618524,\n",
       "           -0.99814453, -0.99906236],\n",
       "          [-0.71319931, -0.85058922, -0.97104078, ..., -0.99756805,\n",
       "           -0.99906236, -0.99967006]],\n",
       "  \n",
       "         [[-0.98148345, -0.99791565, -0.98362132, ..., -0.85157463,\n",
       "           -0.91240946, -0.97944584],\n",
       "          [-0.99791565, -0.99797918, -0.95251667, ..., -0.91159317,\n",
       "           -0.95723661, -0.99719335],\n",
       "          [-0.98362132, -0.95251667, -0.84978773, ..., -0.98422833,\n",
       "           -0.99886317, -0.98543632],\n",
       "          ...,\n",
       "          [-0.85157463, -0.91159317, -0.98422833, ..., -0.61304189,\n",
       "           -0.71039301, -0.84609653],\n",
       "          [-0.91240946, -0.95723661, -0.99886317, ..., -0.71039301,\n",
       "           -0.79572749, -0.90811931],\n",
       "          [-0.97944584, -0.99719335, -0.98543632, ..., -0.84609653,\n",
       "           -0.90811931, -0.97730305]],\n",
       "  \n",
       "         ...,\n",
       "  \n",
       "         [[ 0.61742792,  0.49907358,  0.21344714, ..., -0.47952646,\n",
       "           -0.27725   , -0.16467605],\n",
       "          [ 0.49907358,  0.37053967,  0.07210007, ..., -0.59964255,\n",
       "           -0.41129113, -0.30350493],\n",
       "          [ 0.21344714,  0.07210007, -0.23310032, ..., -0.81369559,\n",
       "           -0.66783586, -0.57760869],\n",
       "          ...,\n",
       "          [-0.47952646, -0.59964255, -0.81369559, ..., -0.99550015,\n",
       "           -0.99228694, -0.97138953],\n",
       "          [-0.27725   , -0.41129113, -0.66783586, ..., -0.99228694,\n",
       "           -0.94159309, -0.89651049],\n",
       "          [-0.16467605, -0.30350493, -0.57760869, ..., -0.97138953,\n",
       "           -0.89651049, -0.83948126]],\n",
       "  \n",
       "         [[-0.98888401, -0.9913006 , -0.99578692, ...,  0.07455197,\n",
       "           -0.47237627, -0.79972969],\n",
       "          [-0.9913006 , -0.99342249, -0.99721988, ...,  0.05734767,\n",
       "           -0.4875024 , -0.80996174],\n",
       "          [-0.99578692, -0.99721988, -0.99940802, ...,  0.0172043 ,\n",
       "           -0.5221764 , -0.83286323],\n",
       "          ...,\n",
       "          [ 0.07455197,  0.05734767,  0.0172043 , ...,  1.        ,\n",
       "            0.8437276 ,  0.5390681 ],\n",
       "          [-0.47237627, -0.4875024 , -0.5221764 , ...,  0.8437276 ,\n",
       "            0.42375252,  0.00272422],\n",
       "          [-0.79972969, -0.80996174, -0.83286323, ...,  0.5390681 ,\n",
       "            0.00272422, -0.41881117]],\n",
       "  \n",
       "         [[-0.88061343, -0.97448045, -0.99711083, ..., -0.92657291,\n",
       "           -0.87790689, -0.84363784],\n",
       "          [-0.97448045, -0.99916625, -0.94165806, ..., -0.99300356,\n",
       "           -0.97318926, -0.95547416],\n",
       "          [-0.99711083, -0.94165806, -0.79867365, ..., -0.98310604,\n",
       "           -0.99752634, -0.99999579],\n",
       "          ...,\n",
       "          [-0.92657291, -0.99300356, -0.98310604, ..., -0.96172714,\n",
       "           -0.92442087, -0.89661459],\n",
       "          [-0.87790689, -0.97318926, -0.99752634, ..., -0.92442087,\n",
       "           -0.875172  , -0.84057349],\n",
       "          [-0.84363784, -0.95547416, -0.99999579, ..., -0.89661459,\n",
       "           -0.84057349, -0.80215223]]]),\n",
       "  3: array([[[-0.5       , -0.6684435 , -0.84536943, ..., -0.79884256,\n",
       "           -0.54789755, -0.26188053],\n",
       "          [-0.6684435 , -0.80792914, -0.93763792, ..., -0.90606248,\n",
       "           -0.70920098, -0.45599111],\n",
       "          [-0.84536943, -0.93763792, -0.9968111 , ..., -0.98694373,\n",
       "           -0.87406435, -0.68063411],\n",
       "          ...,\n",
       "          [-0.79884256, -0.90606248, -0.98694373, ..., -0.970462  ,\n",
       "           -0.83139797, -0.61842749],\n",
       "          [-0.54789755, -0.70920098, -0.87406435, ..., -0.83139797,\n",
       "           -0.59406196, -0.31572473],\n",
       "          [-0.26188053, -0.45599111, -0.68063411, ..., -0.61842749,\n",
       "           -0.31572473, -0.00634163]],\n",
       "  \n",
       "         [[-0.63316203, -0.57921801, -0.55882877, ..., -0.78529538,\n",
       "           -0.93391543, -0.99966415],\n",
       "          [-0.57921801, -0.52260753, -0.50130839, ..., -0.7415049 ,\n",
       "           -0.90752392, -0.99560582],\n",
       "          [-0.55882877, -0.50130839, -0.47970103, ..., -0.72464165,\n",
       "           -0.89683155, -0.992978  ],\n",
       "          ...,\n",
       "          [-0.78529538, -0.7415049 , -0.72464165, ..., -0.90041153,\n",
       "           -0.98906182, -0.98169635],\n",
       "          [-0.93391543, -0.90752392, -0.89683155, ..., -0.98906182,\n",
       "           -0.98816568, -0.88060283],\n",
       "          [-0.99966415, -0.99560582, -0.992978  , ..., -0.98169635,\n",
       "           -0.88060283, -0.67241574]],\n",
       "  \n",
       "         [[-0.45157264, -0.26821827, -0.06103818, ..., -0.61917099,\n",
       "           -0.70587252, -0.76828474],\n",
       "          [-0.26821827, -0.07448991,  0.13548993, ..., -0.45351246,\n",
       "           -0.55359099, -0.62814984],\n",
       "          [-0.06103818,  0.13548993,  0.33949019, ..., -0.25730817,\n",
       "           -0.36739184, -0.45173239],\n",
       "          ...,\n",
       "          [-0.61917099, -0.45351246, -0.25730817, ..., -0.76229131,\n",
       "           -0.83206131, -0.87974072],\n",
       "          [-0.70587252, -0.55359099, -0.36739184, ..., -0.83206131,\n",
       "           -0.89065386, -0.9288455 ],\n",
       "          [-0.76828474, -0.62814984, -0.45173239, ..., -0.87974072,\n",
       "           -0.9288455 , -0.95909485]],\n",
       "  \n",
       "         ...,\n",
       "  \n",
       "         [[-0.3384218 , -0.31775899, -0.32371202, ..., -0.95723884,\n",
       "           -0.89347649, -0.78821417],\n",
       "          [-0.31775899, -0.29694414, -0.30293984, ..., -0.95068217,\n",
       "           -0.88343961, -0.77456528],\n",
       "          [-0.32371202, -0.30293984, -0.30892358, ..., -0.95261281,\n",
       "           -0.88636699, -0.77852524],\n",
       "          ...,\n",
       "          [-0.95723884, -0.95068217, -0.95261281, ..., -0.80294974,\n",
       "           -0.89324059, -0.96399242],\n",
       "          [-0.89347649, -0.88343961, -0.88636699, ..., -0.89324059,\n",
       "           -0.95708683, -0.99530949],\n",
       "          [-0.78821417, -0.77456528, -0.77852524, ..., -0.96399242,\n",
       "           -0.99530949, -0.99498096]],\n",
       "  \n",
       "         [[-0.99736207, -0.97988357, -0.96784896, ..., -0.03631757,\n",
       "           -0.46931383, -0.74913311],\n",
       "          [-0.97988357, -0.94630547, -0.92772292, ..., -0.16385135,\n",
       "           -0.5784127 , -0.82771333],\n",
       "          [-0.96784896, -0.92772292, -0.9065011 , ..., -0.21621622,\n",
       "           -0.62108423, -0.85645571],\n",
       "          ...,\n",
       "          [-0.03631757, -0.16385135, -0.21621622, ...,  1.        ,\n",
       "            0.89949324,  0.68918919],\n",
       "          [-0.46931383, -0.5784127 , -0.62108423, ...,  0.89949324,\n",
       "            0.61817619,  0.30332627],\n",
       "          [-0.74913311, -0.82771333, -0.85645571, ...,  0.68918919,\n",
       "            0.30332627, -0.05003652]],\n",
       "  \n",
       "         [[-0.90832663, -0.95171653, -0.99117972, ..., -0.98267843,\n",
       "           -0.99525091, -0.99885464],\n",
       "          [-0.95171653, -0.98152862, -0.9999102 , ..., -0.99776422,\n",
       "           -0.99975764, -0.99743436],\n",
       "          [-0.99117972, -0.9999102 , -0.98630324, ..., -0.9937101 ,\n",
       "           -0.97984391, -0.96872684],\n",
       "          ...,\n",
       "          [-0.98267843, -0.99776422, -0.9937101 , ..., -0.99827543,\n",
       "           -0.98912145, -0.98060564],\n",
       "          [-0.99525091, -0.99975764, -0.97984391, ..., -0.98912145,\n",
       "           -0.97215553, -0.95933278],\n",
       "          [-0.99885464, -0.99743436, -0.96872684, ..., -0.98060564,\n",
       "           -0.95933278, -0.94414744]]]),\n",
       "  4: array([[[-0.84303967, -0.89997294, -0.95032838, ..., -0.75115978,\n",
       "           -0.44752154,  0.28014309],\n",
       "          [-0.89997294, -0.94464303, -0.98012423, ..., -0.8229673 ,\n",
       "           -0.54868408,  0.16636849],\n",
       "          [-0.95032838, -0.98012423, -0.99787994, ..., -0.89174947,\n",
       "           -0.65589768,  0.03255812],\n",
       "          ...,\n",
       "          [-0.75115978, -0.8229673 , -0.89174947, ..., -0.64170903,\n",
       "           -0.30591488,  0.42325579],\n",
       "          [-0.44752154, -0.54868408, -0.65589768, ..., -0.30591488,\n",
       "            0.07485601,  0.7330948 ],\n",
       "          [ 0.28014309,  0.16636849,  0.03255812, ...,  0.42325579,\n",
       "            0.7330948 ,  1.        ]],\n",
       "  \n",
       "         [[-0.248799  , -0.30091358, -0.40294516, ..., -0.97562301,\n",
       "           -0.98962163, -0.99999943],\n",
       "          [-0.30091358, -0.35214407, -0.45194362, ..., -0.96229896,\n",
       "           -0.98038175, -0.99847274],\n",
       "          [-0.40294516, -0.45194362, -0.54637087, ..., -0.92696864,\n",
       "           -0.95309646, -0.98652379],\n",
       "          ...,\n",
       "          [-0.97562301, -0.96229896, -0.92696864, ...,  0.18990763,\n",
       "            0.11376404, -0.02911754],\n",
       "          [-0.98962163, -0.98038175, -0.95309646, ...,  0.11376404,\n",
       "            0.03694528, -0.10597944],\n",
       "          [-0.99999943, -0.99847274, -0.98652379, ..., -0.02911754,\n",
       "           -0.10597944, -0.24673667]],\n",
       "  \n",
       "         [[-0.75435088, -0.89236872, -0.97862844, ..., -0.99999909,\n",
       "           -0.99840143, -0.99123678],\n",
       "          [-0.89236872, -0.97582594, -0.99916828, ..., -0.96975943,\n",
       "           -0.98174815, -0.99334676],\n",
       "          [-0.97862844, -0.99916828, -0.95477225, ..., -0.87388027,\n",
       "           -0.89937145, -0.92994496],\n",
       "          ...,\n",
       "          [-0.99999909, -0.96975943, -0.87388027, ..., -0.75611919,\n",
       "           -0.79107511, -0.83520091],\n",
       "          [-0.99840143, -0.98174815, -0.89937145, ..., -0.79107511,\n",
       "           -0.82362103, -0.8642713 ],\n",
       "          [-0.99123678, -0.99334676, -0.92994496, ..., -0.83520091,\n",
       "           -0.8642713 , -0.89994067]],\n",
       "  \n",
       "         ...,\n",
       "  \n",
       "         [[-0.19995903, -0.21113324, -0.34844914, ..., -0.7061901 ,\n",
       "           -0.59220541, -0.4664443 ],\n",
       "          [-0.21113324, -0.22227993, -0.35912868, ..., -0.71422815,\n",
       "           -0.60136715, -0.47651355],\n",
       "          [-0.34844914, -0.35912868, -0.4886275 , ..., -0.8067922 ,\n",
       "           -0.70922127, -0.59708848],\n",
       "          ...,\n",
       "          [-0.7061901 , -0.71422815, -0.8067922 , ..., -0.97928286,\n",
       "           -0.93791845, -0.87626415],\n",
       "          [-0.59220541, -0.60136715, -0.70922127, ..., -0.93791845,\n",
       "           -0.87540355, -0.79423267],\n",
       "          [-0.4664443 , -0.47651355, -0.59708848, ..., -0.87626415,\n",
       "           -0.79423267, -0.69557314]],\n",
       "  \n",
       "         [[-0.24576469, -0.2123334 , -0.16144473, ..., -0.09526898,\n",
       "           -0.37530441, -0.60559388],\n",
       "          [-0.2123334 , -0.17865165, -0.12746043, ..., -0.06102943,\n",
       "           -0.34325367, -0.5779102 ],\n",
       "          [-0.16144473, -0.12746043, -0.07592717, ..., -0.00925946,\n",
       "           -0.2941548 , -0.53487336],\n",
       "          ...,\n",
       "          [-0.09526898, -0.06102943, -0.00925946, ...,  0.05744948,\n",
       "           -0.2297593 , -0.47733302],\n",
       "          [-0.37530441, -0.34325367, -0.2941548 , ..., -0.2297593 ,\n",
       "           -0.49787072, -0.70818815],\n",
       "          [-0.60559388, -0.5779102 , -0.53487336, ..., -0.47733302,\n",
       "           -0.70818815, -0.86877113]],\n",
       "  \n",
       "         [[-0.90798766, -0.78331399, -0.56564765, ..., -0.4748716 ,\n",
       "           -0.2144905 , -0.60347824],\n",
       "          [-0.78331399, -0.61430305, -0.35483876, ..., -0.66932131,\n",
       "           -0.43914518, -0.77475838],\n",
       "          [-0.56564765, -0.35483876, -0.06393714, ..., -0.85835551,\n",
       "           -0.68412824, -0.92653431],\n",
       "          ...,\n",
       "          [-0.4748716 , -0.66932131, -0.85835551, ...,  0.84868836,\n",
       "            0.9614282 ,  0.75814421],\n",
       "          [-0.2144905 , -0.43914518, -0.68412824, ...,  0.9614282 ,\n",
       "            1.        ,  0.90826166],\n",
       "          [-0.60347824, -0.77475838, -0.92653431, ...,  0.75814421,\n",
       "            0.90826166,  0.6498785 ]]]),\n",
       "  5: array([[[-0.53043854, -0.58630755, -0.69484372, ..., -0.89564293,\n",
       "           -0.89275709, -0.89905789],\n",
       "          [-0.58630755, -0.63951606, -0.74168431, ..., -0.92355499,\n",
       "           -0.92106379, -0.9264947 ],\n",
       "          [-0.69484372, -0.74168431, -0.8289833 , ..., -0.96845632,\n",
       "           -0.96682984, -0.97035557],\n",
       "          ...,\n",
       "          [-0.89564293, -0.92355499, -0.96845632, ..., -0.99596754,\n",
       "           -0.99652519, -0.99524348],\n",
       "          [-0.89275709, -0.92106379, -0.96682984, ..., -0.99652519,\n",
       "           -0.99704142, -0.99585081],\n",
       "          [-0.89905789, -0.9264947 , -0.97035557, ..., -0.99524348,\n",
       "           -0.99585081, -0.99445983]],\n",
       "  \n",
       "         [[-0.83024854, -0.87542933, -0.94937776, ..., -0.99646972,\n",
       "           -0.99987076, -0.99845939],\n",
       "          [-0.87542933, -0.91402313, -0.97302949, ..., -0.99999631,\n",
       "           -0.99750235, -0.98989444],\n",
       "          [-0.94937776, -0.97302949, -0.99885534, ..., -0.9824465 ,\n",
       "           -0.96750724, -0.94694222],\n",
       "          ...,\n",
       "          [-0.99646972, -0.99999631, -0.9824465 , ..., -0.91180447,\n",
       "           -0.88180841, -0.84581416],\n",
       "          [-0.99987076, -0.99750235, -0.96750724, ..., -0.88180841,\n",
       "           -0.84773955, -0.8076261 ],\n",
       "          [-0.99845939, -0.98989444, -0.94694222, ..., -0.84581416,\n",
       "           -0.8076261 , -0.76337482]],\n",
       "  \n",
       "         [[-0.67279186, -0.64574005, -0.68709808, ..., -0.62330664,\n",
       "           -0.55211539, -0.67279186],\n",
       "          [-0.64574005, -0.61785221, -0.66051431, ..., -0.59477063,\n",
       "           -0.52176225, -0.64574005],\n",
       "          [-0.68709808, -0.66051431, -0.70114273, ..., -0.63844455,\n",
       "           -0.56827729, -0.68709808],\n",
       "          ...,\n",
       "          [-0.62330664, -0.59477063, -0.63844455, ..., -0.57118792,\n",
       "           -0.49678245, -0.62330664],\n",
       "          [-0.55211539, -0.52176225, -0.56827729, ..., -0.49678245,\n",
       "           -0.41852672, -0.55211539],\n",
       "          [-0.67279186, -0.64574005, -0.68709808, ..., -0.62330664,\n",
       "           -0.55211539, -0.67279186]],\n",
       "  \n",
       "         ...,\n",
       "  \n",
       "         [[ 1.        ,  0.72028212,  0.15362118, ..., -0.20867024,\n",
       "           -0.17495271, -0.14983659],\n",
       "          [ 0.72028212,  0.03761268, -0.57479651, ..., -0.82871201,\n",
       "           -0.80899778, -0.79377472],\n",
       "          [ 0.15362118, -0.57479651, -0.95280106, ..., -0.99843335,\n",
       "           -0.99976617, -0.99999267],\n",
       "          ...,\n",
       "          [-0.20867024, -0.82871201, -0.99843335, ..., -0.91291348,\n",
       "           -0.92639501, -0.93567893],\n",
       "          [-0.17495271, -0.80899778, -0.99976617, ..., -0.92639501,\n",
       "           -0.93878311, -0.94724742],\n",
       "          [-0.14983659, -0.79377472, -0.99999267, ..., -0.93567893,\n",
       "           -0.94724742, -0.955098  ]],\n",
       "  \n",
       "         [[-0.85735122, -0.79037623, -0.71093651, ..., -0.94722818,\n",
       "           -0.96013355, -0.26706627],\n",
       "          [-0.79037623, -0.71228217, -0.62267009, ..., -0.90261097,\n",
       "           -0.98647772, -0.37928738],\n",
       "          [-0.71093651, -0.62267009, -0.52401356, ..., -0.84427085,\n",
       "           -0.99903021, -0.48784549],\n",
       "          ...,\n",
       "          [-0.94722818, -0.90261097, -0.84427085, ..., -0.99374053,\n",
       "           -0.87868726, -0.05594406],\n",
       "          [-0.96013355, -0.98647772, -0.99903021, ..., -0.87868726,\n",
       "           -0.44705289,  0.52580753],\n",
       "          [-0.26706627, -0.37928738, -0.48784549, ..., -0.05594406,\n",
       "            0.52580753,  1.        ]],\n",
       "  \n",
       "         [[ 0.65512348,  0.73135581,  0.56029725, ..., -0.68706385,\n",
       "           -0.78464412, -0.81624596],\n",
       "          [ 0.73135581,  0.79938424,  0.64475783, ..., -0.60636278,\n",
       "           -0.7146755 , -0.75056775],\n",
       "          [ 0.56029725,  0.64475783,  0.45746579, ..., -0.76885066,\n",
       "           -0.85300866, -0.87934459],\n",
       "          ...,\n",
       "          [-0.68706385, -0.60636278, -0.76885066, ..., -0.79095362,\n",
       "           -0.69447099, -0.65555974],\n",
       "          [-0.78464412, -0.7146755 , -0.85300866, ..., -0.69447099,\n",
       "           -0.58347652, -0.53983585],\n",
       "          [-0.81624596, -0.75056775, -0.87934459, ..., -0.65555974,\n",
       "           -0.53983585, -0.49469279]]]),\n",
       "  6: array([[[-0.95480371, -0.8806755 , -0.77291374, ..., -0.71446794,\n",
       "           -0.64070711, -0.69602346],\n",
       "          [-0.8806755 , -0.77427827, -0.6378536 , ..., -0.56806352,\n",
       "           -0.48267497, -0.54646037],\n",
       "          [-0.77291374, -0.6378536 , -0.47753086, ..., -0.39887085,\n",
       "           -0.30490692, -0.37487887],\n",
       "          ...,\n",
       "          [-0.71446794, -0.56806352, -0.39887085, ..., -0.31715494,\n",
       "           -0.22045758, -0.29237458],\n",
       "          [-0.64070711, -0.48267497, -0.30490692, ..., -0.22045758,\n",
       "           -0.12153787, -0.19500692],\n",
       "          [-0.69602346, -0.54646037, -0.37487887, ..., -0.29237458,\n",
       "           -0.19500692, -0.2673963 ]],\n",
       "  \n",
       "         [[-0.58973637, -0.72728196, -0.88848712, ..., -0.90816948,\n",
       "           -0.72728196, -0.462803  ],\n",
       "          [-0.72728196, -0.84037483, -0.957342  , ..., -0.96933526,\n",
       "           -0.84037483, -0.61688256],\n",
       "          [-0.88848712, -0.957342  , -0.99990951, ..., -0.99950708,\n",
       "           -0.957342  , -0.81018056],\n",
       "          ...,\n",
       "          [-0.90816948, -0.96933526, -0.99950708, ..., -0.99709425,\n",
       "           -0.96933526, -0.83564851],\n",
       "          [-0.72728196, -0.84037483, -0.957342  , ..., -0.96933526,\n",
       "           -0.84037483, -0.61688256],\n",
       "          [-0.462803  , -0.61688256, -0.81018056, ..., -0.83564851,\n",
       "           -0.61688256, -0.3255344 ]],\n",
       "  \n",
       "         [[-0.18542461,  0.11688515,  0.38832799, ..., -0.63819097,\n",
       "           -0.9257616 , -0.99816879],\n",
       "          [ 0.11688515,  0.40849979,  0.64610747, ..., -0.83919599,\n",
       "           -0.99646614, -0.93441472],\n",
       "          [ 0.38832799,  0.64610747,  0.83279463, ..., -0.95728644,\n",
       "           -0.98054664, -0.79858994],\n",
       "          ...,\n",
       "          [-0.63819097, -0.83919599, -0.95728644, ...,  1.        ,\n",
       "            0.88190954,  0.59045225],\n",
       "          [-0.9257616 , -0.99646614, -0.98054664, ...,  0.88190954,\n",
       "            0.5555289 ,  0.14025642],\n",
       "          [-0.99816879, -0.93441472, -0.79858994, ...,  0.59045225,\n",
       "            0.14025642, -0.30273225]],\n",
       "  \n",
       "         ...,\n",
       "  \n",
       "         [[-0.92      , -0.92968715, -0.93724028, ..., -0.71270858,\n",
       "           -0.47374128, -0.28160029],\n",
       "          [-0.92968715, -0.93877066, -0.94582026, ..., -0.73034996,\n",
       "           -0.49602624, -0.30595713],\n",
       "          [-0.93724028, -0.94582026, -0.95245011, ..., -0.74457708,\n",
       "           -0.51420738, -0.32594441],\n",
       "          ...,\n",
       "          [-0.71270858, -0.73034996, -0.74457708, ..., -0.40650324,\n",
       "           -0.11852643,  0.08914849],\n",
       "          [-0.47374128, -0.49602624, -0.51420738, ..., -0.11852643,\n",
       "            0.18002523,  0.37934179],\n",
       "          [-0.28160029, -0.30595713, -0.32594441, ...,  0.08914849,\n",
       "            0.37934179,  0.5622942 ]],\n",
       "  \n",
       "         [[-0.28807848, -0.2421334 , -0.28505261, ..., -0.91299054,\n",
       "           -0.87158725, -0.82364169],\n",
       "          [-0.2421334 , -0.19563852, -0.23906784, ..., -0.89251882,\n",
       "           -0.84724389, -0.79569085],\n",
       "          [-0.28505261, -0.23906784, -0.28202389, ..., -0.91169745,\n",
       "           -0.87003457, -0.82184646],\n",
       "          ...,\n",
       "          [-0.91299054, -0.89251882, -0.91169745, ..., -0.90556179,\n",
       "           -0.940747  , -0.96757698],\n",
       "          [-0.87158725, -0.84724389, -0.87003457, ..., -0.940747  ,\n",
       "           -0.96795385, -0.98670954],\n",
       "          [-0.82364169, -0.79569085, -0.82184646, ..., -0.96757698,\n",
       "           -0.98670954, -0.99736652]],\n",
       "  \n",
       "         [[-0.47973799, -0.33733128, -0.32081612, ..., -0.4363817 ,\n",
       "           -0.38351006, -0.40152937],\n",
       "          [-0.33733128, -0.18670301, -0.16949331, ..., -0.29102481,\n",
       "           -0.23509711, -0.25409379],\n",
       "          [-0.32081612, -0.16949331, -0.15223178, ..., -0.27424863,\n",
       "           -0.21806268, -0.23714027],\n",
       "          ...,\n",
       "          [-0.4363817 , -0.29102481, -0.27424863, ..., -0.39198714,\n",
       "           -0.33801904, -0.35639193],\n",
       "          [-0.38351006, -0.23509711, -0.21806268, ..., -0.33801904,\n",
       "           -0.28291498, -0.30165119],\n",
       "          [-0.40152937, -0.25409379, -0.23714027, ..., -0.35639193,\n",
       "           -0.30165119, -0.32027162]]]),\n",
       "  7: array([[[-0.8959317 , -0.77470459, -0.63531544, ..., -0.99541384,\n",
       "           -0.86093033, -0.22810995],\n",
       "          [-0.77470459, -0.61467294, -0.4476543 , ..., -0.99175937,\n",
       "           -0.95250907, -0.43893454],\n",
       "          [-0.63531544, -0.4476543 , -0.26317286, ..., -0.94723529,\n",
       "           -0.99377992, -0.60697081],\n",
       "          ...,\n",
       "          [-0.99541384, -0.99175937, -0.94723529, ..., -0.79493877,\n",
       "           -0.46267902,  0.32020402],\n",
       "          [-0.86093033, -0.95250907, -0.99377992, ..., -0.46267902,\n",
       "           -0.04310951,  0.69169736],\n",
       "          [-0.22810995, -0.43893454, -0.60697081, ...,  0.32020402,\n",
       "            0.69169736,  1.        ]],\n",
       "  \n",
       "         [[ 0.7179689 ,  0.75974782,  0.60969481, ..., -0.6942494 ,\n",
       "           -0.64092535, -0.55533384],\n",
       "          [ 0.75974782,  0.79860295,  0.65766937, ..., -0.6482861 ,\n",
       "           -0.59209654, -0.50269987],\n",
       "          [ 0.60969481,  0.65766937,  0.48858826, ..., -0.79108517,\n",
       "           -0.74524864, -0.66982184],\n",
       "          ...,\n",
       "          [-0.6942494 , -0.6482861 , -0.79108517, ..., -0.72149549,\n",
       "           -0.76922859, -0.8330353 ],\n",
       "          [-0.64092535, -0.59209654, -0.74524864, ..., -0.76922859,\n",
       "           -0.81301181, -0.8705137 ],\n",
       "          [-0.55533384, -0.50269987, -0.66982184, ..., -0.8330353 ,\n",
       "           -0.8705137 , -0.91806995]],\n",
       "  \n",
       "         [[-0.94361173, -0.99331134, -0.99618098, ..., -0.98308951,\n",
       "           -0.97088973, -0.95843354],\n",
       "          [-0.99331134, -0.99439035, -0.95260184, ..., -0.99929581,\n",
       "           -0.99979633, -0.99771326],\n",
       "          [-0.99618098, -0.95260184, -0.87163506, ..., -0.97117627,\n",
       "           -0.9833084 , -0.99083279],\n",
       "          ...,\n",
       "          [-0.98308951, -0.99929581, -0.97117627, ..., -0.99952234,\n",
       "           -0.99607556, -0.99075534],\n",
       "          [-0.97088973, -0.99979633, -0.9833084 , ..., -0.99607556,\n",
       "           -0.98931191, -0.98128065],\n",
       "          [-0.95843354, -0.99771326, -0.99083279, ..., -0.99075534,\n",
       "           -0.98128065, -0.97103975]],\n",
       "  \n",
       "         ...,\n",
       "  \n",
       "         [[-0.60057539, -0.63629106, -0.69520832, ..., -0.61298427,\n",
       "           -0.44689183, -0.77963951],\n",
       "          [-0.63629106, -0.67069197, -0.72715611, ..., -0.57644532,\n",
       "           -0.40577582, -0.75037525],\n",
       "          [-0.69520832, -0.72715611, -0.77908113, ..., -0.51013613,\n",
       "           -0.33235438, -0.69584862],\n",
       "          ...,\n",
       "          [-0.61298427, -0.57644532, -0.51013613, ...,  0.9237304 ,\n",
       "            0.98074727,  0.80958804],\n",
       "          [-0.44689183, -0.40577582, -0.33235438, ...,  0.98074727,\n",
       "            1.        ,  0.9086311 ],\n",
       "          [-0.77963951, -0.75037525, -0.69584862, ...,  0.80958804,\n",
       "            0.9086311 ,  0.65122094]],\n",
       "  \n",
       "         [[ 1.        ,  0.70435393,  0.35639045, ..., -0.40133427,\n",
       "           -0.34058989, -0.25912921],\n",
       "          [ 0.70435393, -0.00777108, -0.41221321, ..., -0.9328545 ,\n",
       "           -0.9073043 , -0.86812109],\n",
       "          [ 0.35639045, -0.41221321, -0.7459717 , ..., -0.99882065,\n",
       "           -0.99985791, -0.99477383],\n",
       "          ...,\n",
       "          [-0.40133427, -0.9328545 , -0.99882065, ..., -0.67786161,\n",
       "           -0.72447951, -0.78064844],\n",
       "          [-0.34058989, -0.9073043 , -0.99985791, ..., -0.72447951,\n",
       "           -0.76799706, -0.81984003],\n",
       "          [-0.25912921, -0.86812109, -0.99477383, ..., -0.78064844,\n",
       "           -0.81984003, -0.8657041 ]],\n",
       "  \n",
       "         [[-0.94136535, -0.96446518, -0.98807347, ..., -0.88494418,\n",
       "           -0.86680992, -0.86106811],\n",
       "          [-0.96446518, -0.9818855 , -0.9969719 , ..., -0.91804902,\n",
       "           -0.90249418, -0.89752465],\n",
       "          [-0.98807347, -0.9969719 , -0.99938948, ..., -0.95683741,\n",
       "           -0.94523447, -0.94145151],\n",
       "          ...,\n",
       "          [-0.88494418, -0.91804902, -0.95683741, ..., -0.81113708,\n",
       "           -0.78857504, -0.78151227],\n",
       "          [-0.86680992, -0.90249418, -0.94523447, ..., -0.78857504,\n",
       "           -0.76489796, -0.75750363],\n",
       "          [-0.86106811, -0.89752465, -0.94145151, ..., -0.78151227,\n",
       "           -0.75750363, -0.75001083]]]),\n",
       "  8: array([[[-0.66327596, -0.6856675 , -0.77628486, ..., -0.99344491,\n",
       "           -0.99920473, -0.9904856 ],\n",
       "          [-0.6856675 , -0.70742822, -0.79504594, ..., -0.98952109,\n",
       "           -0.99753582, -0.99420359],\n",
       "          [-0.77628486, -0.79504594, -0.86857217, ..., -0.96157183,\n",
       "           -0.97937592, -0.99967468],\n",
       "          ...,\n",
       "          [-0.99344491, -0.98952109, -0.96157183, ..., -0.47596692,\n",
       "           -0.54025603, -0.68067233],\n",
       "          [-0.99920473, -0.99753582, -0.97937592, ..., -0.54025603,\n",
       "           -0.60153363, -0.73343273],\n",
       "          [-0.9904856 , -0.99420359, -0.99967468, ..., -0.68067233,\n",
       "           -0.73343273, -0.84217096]],\n",
       "  \n",
       "         [[-0.99999321, -0.99961779, -0.9990271 , ..., -0.75608008,\n",
       "           -0.73837473, -0.81112902],\n",
       "          [-0.99961779, -0.9986684 , -0.99768362, ..., -0.7715447 ,\n",
       "           -0.75432151, -0.82490989],\n",
       "          [-0.9990271 , -0.99768362, -0.99642834, ..., -0.78191474,\n",
       "           -0.76502862, -0.83410515],\n",
       "          ...,\n",
       "          [-0.75608008, -0.7715447 , -0.78191474, ..., -0.13966512,\n",
       "           -0.11323416, -0.22690663],\n",
       "          [-0.73837473, -0.75432151, -0.76502862, ..., -0.11323416,\n",
       "           -0.08672281, -0.2008785 ],\n",
       "          [-0.81112902, -0.82490989, -0.83410515, ..., -0.22690663,\n",
       "           -0.2008785 , -0.31236099]],\n",
       "  \n",
       "         [[ 0.27467395, -0.2693527 , -0.68987476, ..., -0.42914461,\n",
       "           -0.3878104 , -0.36687172],\n",
       "          [-0.2693527 , -0.73365977, -0.96677224, ..., -0.83849585,\n",
       "           -0.81296522, -0.79959195],\n",
       "          [-0.68987476, -0.96677224, -0.97364671, ..., -0.99615821,\n",
       "           -0.99117187, -0.98792094],\n",
       "          ...,\n",
       "          [-0.42914461, -0.83849585, -0.99615821, ..., -0.91892316,\n",
       "           -0.90012267, -0.8900433 ],\n",
       "          [-0.3878104 , -0.81296522, -0.99117187, ..., -0.90012267,\n",
       "           -0.87947613, -0.86849075],\n",
       "          [-0.36687172, -0.79959195, -0.98792094, ..., -0.8900433 ,\n",
       "           -0.86849075, -0.85706138]],\n",
       "  \n",
       "         ...,\n",
       "  \n",
       "         [[-0.99141498, -0.98997081, -0.98692354, ..., -0.9415246 ,\n",
       "           -0.94616641, -0.97411023],\n",
       "          [-0.98997081, -0.98841503, -0.98515646, ..., -0.94504908,\n",
       "           -0.94954979, -0.97645569],\n",
       "          [-0.98692354, -0.98515646, -0.98149794, ..., -0.95144413,\n",
