{
 "cells": [
  {
   "cell_type": "code",
   "execution_count": 1,
   "metadata": {},
   "outputs": [],
   "source": [
    "'''\n",
    "! pip install pandas\n",
    "! conda install -c conda-forge pyts\n",
    "\n",
    "'''\n",
    "import os\n",
    "import numpy as np\n",
    "import pandas as pd\n",
    "import matplotlib.pyplot as plt\n",
    "import scipy.io as spio\n"
   ]
  },
  {
   "cell_type": "markdown",
   "metadata": {},
   "source": [
    "## Importing vibration data\n",
    "In this stage we are going to load all the dataset for the case western reverse university dataset for bearings. Then we try to create a class that generate the image representetive of the timeseries by sliding a nonoverlaping window."
   ]
  },
  {
   "cell_type": "code",
   "execution_count": 2,
   "metadata": {},
   "outputs": [
    {
     "name": "stdout",
     "output_type": "stream",
     "text": [
      "['./DataSetC.mat', './DataSetA.mat', './DataSetB.mat']\n",
      "485643\n",
      "488545\n",
      "486804\n",
      "486804\n",
      "485643\n",
      "485063\n",
      "489125\n",
      "487964\n",
      "488545\n",
      "489125\n",
      "483903\n",
      "487384\n",
      "486224\n",
      "486804\n",
      "486224\n",
      "381890\n",
      "485063\n",
      "486804\n",
      "484483\n",
      "489125\n",
      "485063\n",
      "486804\n",
      "487384\n",
      "487384\n",
      "485643\n",
      "487964\n",
      "491446\n",
      "486804\n",
      "486804\n",
      "487964\n",
      "minimum number of samples to be considered is ===> 381890\n"
     ]
    }
   ],
   "source": [
    "## In the first step we search for all the \".mat\" files and try to extract them and \n",
    "## Reconstruct them into a new dataframe\n",
    "## **Note**: This is assumed that all three .mat files exist in the same directory of this python file\n",
    "data_root_path = '.' \n",
    "data_paths = []\n",
    "for file in os.listdir(data_root_path):\n",
    "    if '.mat' in file:\n",
    "        data_paths.append(data_root_path+'/'+file)\n",
    "print(data_paths)\n",
    "num_min_samples = 1e10\n",
    "whole_data = {}\n",
    "for file in data_paths:   \n",
    "    mat = spio.loadmat(file, squeeze_me=True) # Load the dataset\n",
    "    name = file.replace('.mat','').replace('./','')  \n",
    "    data = {}\n",
    "    for i in range(1,len(mat)-2): \n",
    "        data[i]=mat.get('C{}'.format(i))\n",
    "        print(len(data[i]))\n",
    "        if num_min_samples >= len(data[i]): num_min_samples = len(data[i]) \n",
    "    whole_data[name] = data\n",
    "print(f'minimum number of samples to be considered is ===> {num_min_samples}')"
   ]
  },
  {
   "cell_type": "markdown",
   "metadata": {},
   "source": [
    "## Image representation of the entire dataset\n",
    "In this section we use two methods GAF and MTF for generating the image representation of the vibration dataset"
   ]
  },
  {
   "cell_type": "code",
   "execution_count": 14,
   "metadata": {},
   "outputs": [
    {
     "data": {
      "text/plain": [
       "{'DataSetC': {1: array([[[-0.96363177, -0.84006913, -0.47093419, ..., -0.83518025,\n",
       "           -0.35481863, -0.13484848],\n",
       "          [-0.84006913, -0.64003673, -0.18638843, ..., -0.96120141,\n",
       "           -0.6175191 , -0.42424242],\n",
       "          [-0.47093419, -0.18638843,  0.31416437, ..., -0.97421302,\n",
       "           -0.92177966, -0.81060606],\n",
       "          ...,\n",
       "          [-0.83518025, -0.96120141, -0.97421302, ..., -0.13518825,\n",
       "            0.47074669,  0.65757576],\n",
       "          [-0.35481863, -0.6175191 , -0.92177966, ...,  0.47074669,\n",
       "            0.8982966 ,  0.97424242],\n",
       "          [-0.13484848, -0.42424242, -0.81060606, ...,  0.65757576,\n",
       "            0.97424242,  1.        ]],\n",
       "  \n",
       "         [[-0.15890922, -0.53715405, -0.70070442, ..., -0.94147451,\n",
       "           -0.93791122, -0.99346367],\n",
       "          [-0.53715405, -0.8274398 , -0.92606875, ..., -0.99797467,\n",
       "           -0.99858329, -0.95735988],\n",
       "          [-0.70070442, -0.92606875, -0.98426817, ..., -0.96297162,\n",
       "           -0.96572842, -0.87642917],\n",
       "          ...,\n",
       "          [-0.94147451, -0.99797467, -0.96297162, ..., -0.74944404,\n",
       "           -0.75630164, -0.57924482],\n",
       "          [-0.93791122, -0.99858329, -0.96572842, ..., -0.75630164,\n",
       "           -0.76307714, -0.58770671],\n",
       "          [-0.99346367, -0.95735988, -0.87642917, ..., -0.57924482,\n",
       "           -0.58770671, -0.37869139]],\n",
       "  \n",
       "         [[-0.83611427, -0.92199883, -0.99181883, ..., -0.28625664,\n",
       "           -0.93191124, -0.99958947],\n",
       "          [-0.92199883, -0.97707567, -0.95201172, ..., -0.1070615 ,\n",
       "           -0.85032193, -0.97767389],\n",
       "          [-0.99181883, -0.95201172, -0.66996043, ...,  0.40622627,\n",
       "           -0.47151611, -0.74029089],\n",
       "          ...,\n",
       "          [-0.28625664, -0.1070615 ,  0.40622627, ...,  1.        ,\n",
       "            0.61427487,  0.3135915 ],\n",
       "          [-0.93191124, -0.85032193, -0.47151611, ...,  0.61427487,\n",
       "           -0.24533278, -0.55665736],\n",
       "          [-0.99958947, -0.97767389, -0.74029089, ...,  0.3135915 ,\n",
       "           -0.55665736, -0.80332075]],\n",
       "  \n",
       "         ...,\n",
       "  \n",
       "         [[-0.45154697, -0.35643481, -0.17437322, ..., -0.34932146,\n",
       "           -0.76208865, -0.87720373],\n",
       "          [-0.35643481, -0.25746728, -0.07115992, ..., -0.25011377,\n",
       "           -0.69071966, -0.82259384],\n",
       "          [-0.17437322, -0.07115992,  0.11768661, ..., -0.06357477,\n",
       "           -0.54241049, -0.70098489],\n",
       "          ...,\n",
       "          [-0.34932146, -0.25011377, -0.06357477, ..., -0.2427458 ,\n",
       "           -0.68520225, -0.81824713],\n",
       "          [-0.76208865, -0.69071966, -0.54241049, ..., -0.68520225,\n",
       "           -0.95347719, -0.99472534],\n",
       "          [-0.87720373, -0.82259384, -0.70098489, ..., -0.81824713,\n",
       "           -0.99472534, -0.99493215]],\n",
       "  \n",
       "         [[-0.57184228, -0.92288347, -0.99253849, ..., -0.60584923,\n",
       "           -0.63552575, -0.87269932],\n",
       "          [-0.92288347, -0.98533689, -0.90281855, ..., -0.93826693,\n",
       "           -0.95068655, -0.99839524],\n",
       "          [-0.99253849, -0.90281855, -0.75340275, ..., -0.99678948,\n",
       "           -0.99910564, -0.94613367],\n",
       "          ...,\n",
       "          [-0.60584923, -0.93826693, -0.99678948, ..., -0.63878338,\n",
       "           -0.66744498, -0.892468  ],\n",
       "          [-0.63552575, -0.95068655, -0.99910564, ..., -0.66744498,\n",
       "           -0.69515016, -0.90890193],\n",
       "          [-0.87269932, -0.99839524, -0.94613367, ..., -0.892468  ,\n",
       "           -0.90890193, -0.99831043]],\n",
       "  \n",
       "         [[ 0.08463391,  0.00325161, -0.31121794, ..., -0.95628519,\n",
       "           -0.82870103, -0.64290669],\n",
       "          [ 0.00325161, -0.07815227, -0.38753674, ..., -0.97691465,\n",
       "           -0.8715067 , -0.70311648],\n",
       "          [-0.31121794, -0.38753674, -0.6576417 , ..., -0.99455144,\n",
       "           -0.98147084, -0.89097899],\n",
       "          ...,\n",
       "          [-0.95628519, -0.97691465, -0.99455144, ..., -0.48713879,\n",
       "           -0.72155879, -0.88409171],\n",
       "          [-0.82870103, -0.8715067 , -0.98147084, ..., -0.72155879,\n",
       "           -0.89269565, -0.98219092],\n",
       "          [-0.64290669, -0.70311648, -0.89097899, ..., -0.88409171,\n",
       "           -0.98219092, -0.99599873]]]),\n",
       "  2: array([[[ 0.73734547,  0.7729338 ,  0.63379594, ..., -0.20090247,\n",
       "           -0.43555555, -0.66350776],\n",
       "          [ 0.7729338 ,  0.80624204,  0.6748569 , ..., -0.14741995,\n",
       "           -0.38604048, -0.62190863],\n",
       "          [ 0.63379594,  0.6748569 ,  0.5173655 , ..., -0.33815944,\n",
       "           -0.55913052, -0.76315336],\n",
       "          ...,\n",
       "          [-0.20090247, -0.14741995, -0.33815944, ..., -0.94371585,\n",
       "           -0.99606611, -0.982731  ],\n",
       "          [-0.43555555, -0.38604048, -0.55913052, ..., -0.99606611,\n",
       "           -0.98728352, -0.90708535],\n",
       "          [-0.66350776, -0.62190863, -0.76315336, ..., -0.982731  ,\n",
       "           -0.90708535, -0.7587978 ]],\n",
       "  \n",
       "         [[-0.49911855, -0.3862506 , -0.52255639, ..., -0.63239909,\n",
       "           -0.47218899, -0.34860549],\n",
       "          [-0.3862506 , -0.26725688, -0.41125323, ..., -0.53002355,\n",
       "           -0.35765388, -0.22804065],\n",
       "          [-0.52255639, -0.41125323, -0.54560578, ..., -0.65328227,\n",
       "           -0.49604477, -0.37402765],\n",
       "          ...,\n",
       "          [-0.63239909, -0.53002355, -0.65328227, ..., -0.74910594,\n",
       "           -0.60823689, -0.49527202],\n",
       "          [-0.47218899, -0.35765388, -0.49604477, ..., -0.60823689,\n",
       "           -0.44481127, -0.3195684 ],\n",
       "          [-0.34860549, -0.22804065, -0.37402765, ..., -0.49527202,\n",
       "           -0.3195684 , -0.18845078]],\n",
       "  \n",
       "         [[-0.04298291, -0.26292163, -0.5467632 , ..., -0.80214775,\n",
       "           -0.71216951, -0.59530809],\n",
       "          [-0.26292163, -0.46983345, -0.71843268, ..., -0.91436482,\n",
       "           -0.84981637, -0.75830039],\n",
       "          [-0.5467632 , -0.71843268, -0.89746614, ..., -0.99455365,\n",
       "           -0.970689  , -0.92197361],\n",
       "          ...,\n",
       "          [-0.80214775, -0.91436482, -0.99455365, ..., -0.9694116 ,\n",
       "           -0.99399175, -0.99897594],\n",
       "          [-0.71216951, -0.84981637, -0.970689  , ..., -0.99399175,\n",
       "           -0.99959034, -0.98320018],\n",
       "          [-0.59530809, -0.75830039, -0.92197361, ..., -0.99897594,\n",
       "           -0.98320018, -0.94325569]],\n",
       "  \n",
       "         ...,\n",
       "  \n",
       "         [[-0.79475107, -0.93392909, -0.99889911, ..., -0.98185923,\n",
       "           -0.97486995, -0.77292174],\n",
       "          [-0.93392909, -0.99688972, -0.97140292, ..., -0.88818323,\n",
       "           -0.99807897, -0.92078459],\n",
       "          [-0.99889911, -0.97140292, -0.8481335 , ..., -0.69954351,\n",
       "           -0.92843754, -0.99663237],\n",
       "          ...,\n",
       "          [-0.98185923, -0.88818323, -0.69954351, ..., -0.51161625,\n",
       "           -0.81486188, -0.98791841],\n",
       "          [-0.97486995, -0.99807897, -0.92843754, ..., -0.81486188,\n",
       "           -0.97949047, -0.9664352 ],\n",
       "          [-0.77292174, -0.92078459, -0.99663237, ..., -0.98791841,\n",
       "           -0.9664352 , -0.75013676]],\n",
       "  \n",
       "         [[-0.19162241,  0.21625322,  0.63575844, ..., -0.69943771,\n",
       "           -0.61105082, -0.55470721],\n",
       "          [ 0.21625322,  0.58814673,  0.89110794, ..., -0.35584703,\n",
       "           -0.24410554, -0.17629465],\n",
       "          [ 0.63575844,  0.89110794,  1.        , ...,  0.10699001,\n",
       "            0.22253923,  0.28958631],\n",
       "          ...,\n",
       "          [-0.69943771, -0.35584703,  0.10699001, ..., -0.97710627,\n",
       "           -0.94551829, -0.9206751 ],\n",
       "          [-0.61105082, -0.24410554,  0.22253923, ..., -0.94551829,\n",
       "           -0.90095258, -0.8687058 ],\n",
       "          [-0.55470721, -0.17629465,  0.28958631, ..., -0.9206751 ,\n",
       "           -0.8687058 , -0.83227954]],\n",
       "  \n",
       "         [[ 0.69372993,  0.45156101,  0.20263309, ..., -0.95908622,\n",
       "           -0.71479817, -0.33502446],\n",
       "          [ 0.45156101,  0.16955017, -0.09395605, ..., -0.99993838,\n",
       "           -0.88868827, -0.59701261],\n",
       "          [ 0.20263309, -0.09395605, -0.35092889, ..., -0.96227043,\n",
       "           -0.97764319, -0.78595557],\n",
       "          ...,\n",
       "          [-0.95908622, -0.99993838, -0.96227043, ...,  0.19138778,\n",
       "           -0.29059196, -0.68130922],\n",
       "          [-0.71479817, -0.88868827, -0.97764319, ..., -0.29059196,\n",
       "           -0.70488907, -0.94479586],\n",
       "          [-0.33502446, -0.59701261, -0.78595557, ..., -0.68130922,\n",
       "           -0.94479586, -0.99270303]]]),\n",
       "  3: array([[[-0.74489796, -0.88783825, -0.99173836, ..., -0.82820444,\n",
       "           -0.90615374, -0.94511972],\n",
       "          [-0.88783825, -0.97458695, -0.99236972, ..., -0.9418655 ,\n",
       "           -0.98303677, -0.99675426],\n",
       "          [-0.99173836, -0.99236972, -0.89013672, ..., -0.99997631,\n",
       "           -0.9864042 , -0.96405114],\n",
       "          ...,\n",
       "          [-0.82820444, -0.9418655 , -0.99997631, ..., -0.89632494,\n",
       "           -0.95498639, -0.98059525],\n",
       "          [-0.90615374, -0.98303677, -0.9864042 , ..., -0.95498639,\n",
       "           -0.98979592, -0.999235  ],\n",
       "          [-0.94511972, -0.99675426, -0.96405114, ..., -0.98059525,\n",
       "           -0.999235  , -0.99790487]],\n",
       "  \n",
       "         [[-0.95940918, -0.97487357, -0.96449053, ..., -0.94425642,\n",
       "           -0.75552655, -0.46358339],\n",
       "          [-0.97487357, -0.98668144, -0.97884962, ..., -0.96263814,\n",
       "           -0.79421253, -0.51695351],\n",
       "          [-0.96449053, -0.97884962, -0.96923794, ..., -0.95021851,\n",
       "           -0.7675854 , -0.47998975],\n",
       "          ...,\n",
       "          [-0.94425642, -0.96263814, -0.95021851, ..., -0.92678382,\n",
       "           -0.7221368 , -0.41910923],\n",
       "          [-0.75552655, -0.79421253, -0.7675854 , ..., -0.7221368 ,\n",
       "           -0.41506593, -0.05356728],\n",
       "          [-0.46358339, -0.51695351, -0.47998975, ..., -0.41910923,\n",
       "           -0.05356728,  0.31535376]],\n",
       "  \n",
       "         [[-0.6540058 , -0.60039874, -0.58009573, ..., -0.93417742,\n",
       "           -0.95821198, -0.9810522 ],\n",
       "          [-0.60039874, -0.54394524, -0.52266865, ..., -0.9074097 ,\n",
       "           -0.93625583, -0.96539446],\n",
       "          [-0.58009573, -0.52266865, -0.50106138, ..., -0.89655312,\n",
       "           -0.92712372, -0.9585299 ],\n",
       "          ...,\n",
       "          [-0.93417742, -0.9074097 , -0.89655312, ..., -0.99178987,\n",
       "           -0.9794727 , -0.95589554],\n",
       "          [-0.95821198, -0.93625583, -0.92712372, ..., -0.9794727 ,\n",
       "           -0.96168696, -0.9312964 ],\n",
       "          [-0.9810522 , -0.96539446, -0.9585299 , ..., -0.95589554,\n",
       "           -0.9312964 , -0.89248336]],\n",
       "  \n",
       "         ...,\n",
       "  \n",
       "         [[-0.79806847, -0.87794358, -0.97061015, ...,  0.31775111,\n",
       "           -0.23003487, -0.63101494],\n",
       "          [-0.87794358, -0.93876105, -0.99543609, ...,  0.17498421,\n",
       "           -0.37053087, -0.73815257],\n",
       "          [-0.97061015, -0.99543609, -0.98712712, ..., -0.08022742,\n",
       "           -0.59380848, -0.88501735],\n",
       "          ...,\n",
       "          [ 0.31775111,  0.17498421, -0.08022742, ...,  1.        ,\n",
       "            0.84965256,  0.53506001],\n",
       "          [-0.23003487, -0.37053087, -0.59380848, ...,  0.84965256,\n",
       "            0.44381894,  0.00910842],\n",
       "          [-0.63101494, -0.73815257, -0.88501735, ...,  0.53506001,\n",
       "            0.00910842, -0.42742157]],\n",
       "  \n",
       "         [[-0.90832663, -0.95171653, -0.99117972, ..., -0.99792388,\n",
       "           -0.99997479, -0.99312022],\n",
       "          [-0.95171653, -0.98152862, -0.9999102 , ..., -0.98312642,\n",
       "           -0.99368817, -0.9999977 ],\n",
       "          [-0.99117972, -0.9999102 , -0.98630324, ..., -0.93481304,\n",
       "           -0.95780957, -0.98361977],\n",
       "          ...,\n",
       "          [-0.99792388, -0.98312642, -0.93481304, ..., -0.84702729,\n",
       "           -0.88285958, -0.92917888],\n",
       "          [-0.99997479, -0.99368817, -0.95780957, ..., -0.88285958,\n",
       "           -0.91417419, -0.9532257 ],\n",
       "          [-0.99312022, -0.9999977 , -0.98361977, ..., -0.92917888,\n",
       "           -0.9532257 , -0.98069854]],\n",
       "  \n",
       "         [[-0.63339368, -0.84687706, -0.86034581, ..., -0.49492273,\n",
       "           -0.15836142,  0.17128591],\n",
       "          [-0.84687706, -0.97215057, -0.9778859 , ..., -0.74590994,\n",
       "           -0.46460189, -0.1514345 ],\n",
       "          [-0.86034581, -0.9778859 , -0.98296717, ..., -0.76288434,\n",
       "           -0.4873459 , -0.17694545],\n",
       "          ...,\n",
       "          [-0.49492273, -0.74590994, -0.76288434, ..., -0.34248525,\n",
       "            0.00915401,  0.33378854],\n",
       "          [-0.15836142, -0.46460189, -0.4873459 , ...,  0.00915401,\n",
       "            0.35962794,  0.64347913],\n",
       "          [ 0.17128591, -0.1514345 , -0.17694545, ...,  0.33378854,\n",
       "            0.64347913,  0.85740214]]]),\n",
       "  4: array([[[-0.83195231, -0.90675576, -0.96655086, ..., -0.95556977,\n",
       "           -0.85883261, -0.87519084],\n",
       "          [-0.90675576, -0.96039973, -0.99433792, ..., -0.89952395,\n",
       "           -0.77078874, -0.79129375],\n",
       "          [-0.96655086, -0.99433792, -0.99759054, ..., -0.80919515,\n",
       "           -0.64740955, -0.67208752],\n",
       "          ...,\n",
       "          [-0.95556977, -0.89952395, -0.80919515, ..., -0.37481564,\n",
       "           -0.14508369, -0.17749586],\n",
       "          [-0.85883261, -0.77078874, -0.64740955, ..., -0.14508369,\n",
       "            0.09286878,  0.06012275],\n",
       "          [-0.87519084, -0.79129375, -0.67208752, ..., -0.17749586,\n",
       "            0.06012275,  0.02731186]],\n",
       "  \n",
       "         [[-0.7246888 , -0.81453888, -0.89701655, ..., -0.99837998,\n",
       "           -0.90357503, -0.3710197 ],\n",
       "          [-0.81453888, -0.88814142, -0.95033915, ..., -0.98040679,\n",
       "           -0.83420565, -0.23649376],\n",
       "          [-0.89701655, -0.95033915, -0.98794448, ..., -0.93613649,\n",
       "           -0.73499002, -0.07763866],\n",
       "          ...,\n",
       "          [-0.99837998, -0.98040679, -0.93613649, ..., -0.64170903,\n",
       "           -0.30591488,  0.42325579],\n",
       "          [-0.90357503, -0.83420565, -0.73499002, ..., -0.30591488,\n",
       "            0.07485601,  0.7330948 ],\n",
       "          [-0.3710197 , -0.23649376, -0.07763866, ...,  0.42325579,\n",
       "            0.7330948 ,  1.        ]],\n",
       "  \n",
       "         [[ 1.        ,  0.94579098,  0.83059682, ...,  0.4370602 ,\n",
       "            0.22335158,  0.01694032],\n",
       "          [ 0.94579098,  0.78904117,  0.60471162, ...,  0.12125363,\n",
       "           -0.10532754, -0.30870734],\n",
       "          [ 0.83059682,  0.60471162,  0.37978216, ..., -0.13784984,\n",
       "           -0.35729135, -0.54272376],\n",
       "          ...,\n",
       "          [ 0.4370602 ,  0.12125363, -0.13784984, ..., -0.61795676,\n",
       "           -0.77909267, -0.89189925],\n",
       "          [ 0.22335158, -0.10532754, -0.35729135, ..., -0.77909267,\n",
       "           -0.90022815, -0.97081443],\n",
       "          [ 0.01694032, -0.30870734, -0.54272376, ..., -0.89189925,\n",
       "           -0.97081443, -0.99942605]],\n",
       "  \n",
       "         ...,\n",
       "  \n",
       "         [[-0.99114349, -0.99021928, -0.94170526, ..., -0.7333605 ,\n",
       "           -0.89683559, -0.98153932],\n",
       "          [-0.99021928, -0.91586402, -0.81602383, ..., -0.52276121,\n",
       "           -0.74424135, -0.89354729],\n",
       "          [-0.94170526, -0.81602383, -0.68261996, ..., -0.34001266,\n",
       "           -0.59417683, -0.78458631],\n",
       "          ...,\n",
       "          [-0.7333605 , -0.52276121, -0.34001266, ...,  0.05744948,\n",
       "           -0.2297593 , -0.47733302],\n",
       "          [-0.89683559, -0.74424135, -0.59417683, ..., -0.2297593 ,\n",
       "           -0.49787072, -0.70818815],\n",
       "          [-0.98153932, -0.89354729, -0.78458631, ..., -0.47733302,\n",
       "           -0.70818815, -0.86877113]],\n",
       "  \n",
       "         [[-0.99970586, -0.9519593 , -0.79055931, ..., -0.99636557,\n",
       "           -0.9951591 , -0.99999463],\n",
       "          [-0.9519593 , -0.82635393, -0.58489629, ..., -0.93151022,\n",
       "           -0.92664609, -0.9581731 ],\n",
       "          [-0.79055931, -0.58489629, -0.27337717, ..., -0.75173775,\n",
       "           -0.74299952, -0.80323054],\n",
       "          ...,\n",
       "          [-0.99636557, -0.93151022, -0.75173775, ..., -0.98931547,\n",
       "           -0.98731248, -0.99793306],\n",
       "          [-0.9951591 , -0.92664609, -0.74299952, ..., -0.98731248,\n",
       "           -0.98513869, -0.99700158],\n",
       "          [-0.99999463, -0.9581731 , -0.80323054, ..., -0.99793306,\n",
       "           -0.99700158, -0.99984337]],\n",
       "  \n",
       "         [[-0.83260772, -0.82766921, -0.84476982, ..., -0.55099472,\n",
       "           -0.28930285, -0.67652509],\n",
       "          [-0.82766921, -0.82266576, -0.83999676, ..., -0.55836479,\n",
       "           -0.29777025, -0.6830214 ],\n",
       "          [-0.84476982, -0.83999676, -0.8565105 , ..., -0.53221969,\n",
       "           -0.2678521 , -0.65990942],\n",
       "          ...,\n",
       "          [-0.55099472, -0.55836479, -0.53221969, ...,  0.83639985,\n",
       "            0.95822749,  0.73874326],\n",
       "          [-0.28930285, -0.29777025, -0.2678521 , ...,  0.95822749,\n",
       "            1.        ,  0.90064917],\n",
       "          [-0.67652509, -0.6830214 , -0.65990942, ...,  0.73874326,\n",
       "            0.90064917,  0.62233785]]]),\n",
       "  5: array([[[-0.02819988, -0.11960992, -0.2972047 , ...,  0.43272415,\n",
       "            0.69706532,  0.34031816],\n",
       "          [-0.11960992, -0.21001503, -0.38338363, ...,  0.34835813,\n",
       "            0.62848427,  0.25278908],\n",
       "          [-0.2972047 , -0.38338363, -0.54410653, ...,  0.17307623,\n",
       "            0.47743768,  0.07362843],\n",
       "          ...,\n",
       "          [ 0.43272415,  0.34835813,  0.17307623, ...,  0.79755319,\n",
       "            0.94803829,  0.73316958],\n",
       "          [ 0.69706532,  0.62848427,  0.47743768, ...,  0.94803829,\n",
       "            1.        ,  0.91143368],\n",
       "          [ 0.34031816,  0.25278908,  0.07362843, ...,  0.73316958,\n",
       "            0.91143368,  0.66142271]],\n",
       "  \n",
       "         [[-0.6637939 , -0.90900913, -0.998789  , ..., -0.93353483,\n",
       "           -0.93117876, -0.93631088],\n",
       "          [-0.90900913, -0.99988936, -0.93383733, ..., -0.99883021,\n",
       "           -0.99912412, -0.99842133],\n",
       "          [-0.998789  , -0.93383733, -0.73408454, ..., -0.90936088,\n",
       "           -0.91205268, -0.90607842],\n",
       "          ...,\n",
       "          [-0.93353483, -0.99883021, -0.90936088, ..., -0.99377655,\n",
       "           -0.99448139, -0.99287467],\n",
       "          [-0.93117876, -0.99912412, -0.91205268, ..., -0.99448139,\n",
       "           -0.99514398, -0.99363017],\n",
       "          [-0.93631088, -0.99842133, -0.90607842, ..., -0.99287467,\n",
       "           -0.99363017, -0.99191201]],\n",
       "  \n",
       "         [[-0.59706417, -0.676369  , -0.81685604, ..., -0.78526006,\n",
       "           -0.95487506, -0.99395682],\n",
       "          [-0.676369  , -0.7485066 , -0.87182939, ..., -0.71744709,\n",
       "           -0.91928241, -0.99997544],\n",
       "          [-0.81685604, -0.87182939, -0.95570405, ..., -0.55387643,\n",
       "           -0.81523548, -0.97883449],\n",
       "          ...,\n",
       "          [-0.78526006, -0.71744709, -0.55387643, ...,  0.64078801,\n",
       "            0.32347672, -0.08205713],\n",
       "          [-0.95487506, -0.91928241, -0.81523548, ...,  0.32347672,\n",
       "           -0.0367131 , -0.43340918],\n",
       "          [-0.99395682, -0.99997544, -0.97883449, ..., -0.08205713,\n",
       "           -0.43340918, -0.75772723]],\n",
       "  \n",
       "         ...,\n",
       "  \n",
       "         [[-0.63036608, -0.6473027 , -0.6602372 , ..., -0.87741035,\n",
       "           -0.99403506, -0.42990343],\n",
       "          [-0.6473027 , -0.6639256 , -0.67661093, ..., -0.8877587 ,\n",
       "           -0.9913933 , -0.40992341],\n",
       "          [-0.6602372 , -0.67661093, -0.68909856, ..., -0.89549719,\n",
       "           -0.98901066, -0.39427239],\n",
       "          ...,\n",
       "          [-0.87741035, -0.8877587 , -0.89549719, ..., -0.99374053,\n",
       "           -0.87868726, -0.05594406],\n",
       "          [-0.99403506, -0.9913933 , -0.98901066, ..., -0.87868726,\n",
       "           -0.44705289,  0.52580753],\n",
       "          [-0.42990343, -0.40992341, -0.39427239, ..., -0.05594406,\n",
       "            0.52580753,  1.        ]],\n",
       "  \n",
       "         [[ 0.65512348,  0.73135581,  0.56029725, ..., -0.50967742,\n",
       "           -0.53676726, -0.56812294],\n",
       "          [ 0.73135581,  0.79938424,  0.64475783, ..., -0.4158234 ,\n",
       "           -0.44452071, -0.477899  ],\n",
       "          [ 0.56029725,  0.64475783,  0.45746579, ..., -0.60869222,\n",
       "           -0.63360368, -0.66225517],\n",
       "          ...,\n",
       "          [-0.50967742, -0.4158234 , -0.60869222, ..., -0.97736532,\n",
       "           -0.97014691, -0.9603385 ],\n",
       "          [-0.53676726, -0.44452071, -0.63360368, ..., -0.97014691,\n",
       "           -0.96194808, -0.9509902 ],\n",
       "          [-0.56812294, -0.477899  , -0.66225517, ..., -0.9603385 ,\n",
       "           -0.9509902 , -0.93868641]],\n",
       "  \n",
       "         [[-0.72059959, -0.72008993, -0.75989567, ..., -0.56443395,\n",
       "           -0.29938065, -0.17265285],\n",
       "          [-0.72008993, -0.71957988, -0.75941782, ..., -0.56382725,\n",
       "           -0.29867949, -0.17192905],\n",
       "          [-0.75989567, -0.75941782, -0.79659319, ..., -0.61172019,\n",
       "           -0.35464033, -0.22993242],\n",
       "          ...,\n",
       "          [-0.56443395, -0.56382725, -0.61172019, ..., -0.38464946,\n",
       "           -0.09896189,  0.03139184],\n",
       "          [-0.29938065, -0.29867949, -0.35464033, ..., -0.09896189,\n",
       "            0.19531612,  0.321299  ],\n",
       "          [-0.17265285, -0.17192905, -0.22993242, ...,  0.03139184,\n",
       "            0.321299  ,  0.44181607]]]),\n",
       "  6: array([[[-0.95480371, -0.8806755 , -0.77291374, ..., -0.46712602,\n",
       "           -0.18099988,  0.1503268 ],\n",
       "          [-0.8806755 , -0.77427827, -0.6378536 , ..., -0.29009408,\n",
       "            0.00970924,  0.33594771],\n",
       "          [-0.77291374, -0.6378536 , -0.47753086, ..., -0.10029048,\n",
       "            0.20217196,  0.51111111],\n",
       "          ...,\n",
       "          [-0.46712602, -0.29009408, -0.10029048, ...,  0.29257978,\n",
       "            0.56543297,  0.80392157],\n",
       "          [-0.18099988,  0.00970924,  0.20217196, ...,  0.56543297,\n",
       "            0.78642061,  0.94509804],\n",
       "          [ 0.1503268 ,  0.33594771,  0.51111111, ...,  0.80392157,\n",
       "            0.94509804,  1.        ]],\n",
       "  \n",
       "         [[ 1.        ,  0.77475728,  0.37475728, ...,  0.40194175,\n",
       "            0.5184466 ,  0.43300971],\n",
       "          [ 0.77475728,  0.20049769, -0.29583569, ..., -0.26753008,\n",
       "           -0.13898052, -0.23443384],\n",
       "          [ 0.37475728, -0.29583569, -0.71911396, ..., -0.69830367,\n",
       "           -0.59850048, -0.67342513],\n",
       "          ...,\n",
       "          [ 0.40194175, -0.26753008, -0.69830367, ..., -0.67688566,\n",
       "           -0.57460917, -0.65132613],\n",
       "          [ 0.5184466 , -0.13898052, -0.59850048, ..., -0.57460917,\n",
       "           -0.46242624, -0.54629456],\n",
       "          [ 0.43300971, -0.23443384, -0.67342513, ..., -0.65132613,\n",
       "           -0.54629456, -0.62500518]],\n",
       "  \n",
       "         [[-0.29874614, -0.49658953, -0.7404296 , ..., -0.87846367,\n",
       "           -0.62777649, -0.27814634],\n",
       "          [-0.49658953, -0.67129291, -0.86742119, ..., -0.9605363 ,\n",
       "           -0.78019657, -0.47780153],\n",
       "          [-0.7404296 , -0.86742119, -0.97870195, ..., -0.99948254,\n",
       "           -0.93527105, -0.72579855],\n",
       "          ...,\n",
       "          [-0.87846367, -0.9605363 , -0.99948254, ..., -0.96347699,\n",
       "           -0.99246413, -0.8679812 ],\n",
       "          [-0.62777649, -0.78019657, -0.93527105, ..., -0.99246413,\n",
       "           -0.86941062, -0.61088553],\n",
       "          [-0.27814634, -0.47780153, -0.72579855, ..., -0.8679812 ,\n",
       "           -0.61088553, -0.25741779]],\n",
       "  \n",
       "         ...,\n",
       "  \n",
       "         [[-0.47973799, -0.33733128, -0.32081612, ..., -0.50294665,\n",
       "           -0.51369786, -0.58809189],\n",
       "          [-0.33733128, -0.18670301, -0.16949331, ..., -0.36229512,\n",
       "           -0.37390305, -0.45504443],\n",
       "          [-0.32081612, -0.16949331, -0.15223178, ..., -0.34593918,\n",
       "           -0.35762571, -0.43940174],\n",
       "          ...,\n",
       "          [-0.50294665, -0.36229512, -0.34593918, ..., -0.52579817,\n",
       "           -0.53637646, -0.60943374],\n",
       "          [-0.51369786, -0.37390305, -0.35762571, ..., -0.53637646,\n",
       "           -0.54687115, -0.61928426],\n",
       "          [-0.58809189, -0.45504443, -0.43940174, ..., -0.60943374,\n",
       "           -0.61928426, -0.6867723 ]],\n",
       "  \n",
       "         [[-0.45933009, -0.66665965, -0.84970104, ...,  0.1062513 ,\n",
       "            0.27992422,  0.21276287],\n",
       "          [-0.66665965, -0.83171836, -0.95447518, ..., -0.14550671,\n",
       "            0.03123273, -0.03806645],\n",
       "          [-0.84970104, -0.95447518, -0.99985206, ..., -0.41843806,\n",
       "           -0.25172475, -0.31814809],\n",
       "          ...,\n",
       "          [ 0.1062513 , -0.14550671, -0.41843806, ...,  0.63664928,\n",
       "            0.76265517,  0.71602744],\n",
       "          [ 0.27992422,  0.03123273, -0.25172475, ...,  0.76265517,\n",
       "            0.86475947,  0.82790259],\n",
       "          [ 0.21276287, -0.03806645, -0.31814809, ...,  0.71602744,\n",
       "            0.82790259,  0.78706977]],\n",
       "  \n",
       "         [[ 0.49361792,  0.1739134 , -0.09722438, ...,  0.22282217,\n",
       "            0.45324314,  0.62036462],\n",
       "          [ 0.1739134 , -0.16587027, -0.42487236, ..., -0.11646927,\n",
       "            0.12860048,  0.32192765],\n",
       "          [-0.09722438, -0.42487236, -0.65259281, ..., -0.37918435,\n",
       "           -0.14273368,  0.05555576],\n",
       "          ...,\n",
       "          [ 0.22282217, -0.11646927, -0.37918435, ..., -0.06677825,\n",
       "            0.17791166,  0.36875666],\n",
       "          [ 0.45324314,  0.12860048, -0.14273368, ...,  0.17791166,\n",
       "            0.41191594,  0.58376884],\n",
       "          [ 0.62036462,  0.32192765,  0.05555576, ...,  0.36875666,\n",
       "            0.58376884,  0.73262459]]]),\n",
       "  7: array([[[-0.91599122, -0.75078422, -0.52927582, ..., -0.48211544,\n",
       "           -0.60159708, -0.7460593 ],\n",
       "          [-0.75078422, -0.51458654, -0.24645787, ..., -0.19312349,\n",
       "           -0.33044576, -0.50846492],\n",
       "          [-0.52927582, -0.24645787,  0.04246526, ...,  0.09700435,\n",
       "           -0.04525866, -0.23954717],\n",
       "          ...,\n",
       "          [-0.48211544, -0.19312349,  0.09700435, ...,  0.15125349,\n",
       "            0.00940484, -0.18612851],\n",
       "          [-0.60159708, -0.33044576, -0.04525866, ...,  0.00940484,\n",
       "           -0.13263429, -0.32371338],\n",
       "          [-0.7460593 , -0.50846492, -0.23954717, ..., -0.18612851,\n",
       "           -0.32371338, -0.50231749]],\n",
       "  \n",
       "         [[-0.82995752, -0.91767102, -0.97409645, ..., -0.99954816,\n",
       "           -0.89249288, -0.29158402],\n",
       "          [-0.91767102, -0.97468909, -0.99898953, ..., -0.97735678,\n",
       "           -0.79541663, -0.11249646],\n",
       "          [-0.97409645, -0.99898953, -0.99082677, ..., -0.92348787,\n",
       "           -0.67368447,  0.06772457],\n",
       "          ...,\n",
       "          [-0.99954816, -0.97735678, -0.92348787, ..., -0.79493877,\n",
       "           -0.46267902,  0.32020402],\n",
       "          [-0.89249288, -0.79541663, -0.67368447, ..., -0.46267902,\n",
       "           -0.04310951,  0.69169736],\n",
       "          [-0.29158402, -0.11249646,  0.06772457, ...,  0.32020402,\n",
       "            0.69169736,  1.        ]],\n",
       "  \n",
       "         [[ 0.7179689 ,  0.75974782,  0.60969481, ..., -0.8316994 ,\n",
       "           -0.89536231, -0.90722117],\n",
       "          [ 0.75974782,  0.79860295,  0.65766937, ..., -0.79567203,\n",
       "           -0.86602607, -0.87939269],\n",
       "          [ 0.60969481,  0.65766937,  0.48858826, ..., -0.9032852 ,\n",
       "           -0.95037796, -0.95854031],\n",
       "          ...,\n",
       "          [-0.8316994 , -0.79567203, -0.9032852 , ..., -0.36756539,\n",
       "           -0.24673258, -0.22010386],\n",
       "          [-0.89536231, -0.86602607, -0.95037796, ..., -0.24673258,\n",
       "           -0.1219204 , -0.09469618],\n",
       "          [-0.90722117, -0.87939269, -0.95854031, ..., -0.22010386,\n",
       "           -0.09469618, -0.06740095]],\n",
       "  \n",
       "         ...,\n",
       "  \n",
       "         [[ 1.        ,  0.99308471,  0.90812546, ...,  0.76537417,\n",
       "            0.67992097,  0.56532477],\n",
       "          [ 0.99308471,  0.97243449,  0.85269036, ...,  0.68452445,\n",
       "            0.58913143,  0.46457586],\n",
       "          [ 0.90812546,  0.85269036,  0.64938371, ...,  0.42558768,\n",
       "            0.3104283 ,  0.16801494],\n",
       "          ...,\n",
       "          [ 0.76537417,  0.68452445,  0.42558768, ...,  0.17159523,\n",
       "            0.04846204, -0.09818843],\n",
       "          [ 0.67992097,  0.58913143,  0.3104283 , ...,  0.04846204,\n",
       "           -0.07541495, -0.2204878 ],\n",
       "          [ 0.56532477,  0.46457586,  0.16801494, ..., -0.09818843,\n",
       "           -0.2204878 , -0.36081581]],\n",
       "  \n",
       "         [[-0.94136535, -0.96446518, -0.98807347, ..., -0.68841681,\n",
       "           -0.73871998, -0.85529396],\n",
       "          [-0.96446518, -0.9818855 , -0.9969719 , ..., -0.63077143,\n",
       "           -0.68486048, -0.81304355],\n",
       "          [-0.98807347, -0.9969719 , -0.99938948, ..., -0.5394304 ,\n",
       "           -0.59849866, -0.74235229],\n",
       "          ...,\n",
       "          [-0.68841681, -0.63077143, -0.5394304 , ...,  0.3860355 ,\n",
       "            0.31880157,  0.12915439],\n",
       "          [-0.73871998, -0.68486048, -0.59849866, ...,  0.31880157,\n",
       "            0.24992187,  0.057619  ],\n",
       "          [-0.85529396, -0.81304355, -0.74235229, ...,  0.12915439,\n",
       "            0.057619  , -0.13686675]],\n",
       "  \n",
       "         [[-0.4757467 , -0.74132347, -0.91776329, ..., -0.96678954,\n",
       "           -0.97631549, -0.97888953],\n",
       "          [-0.74132347, -0.92240721, -0.99760955, ..., -0.99673857,\n",
       "           -0.99267016, -0.99111716],\n",
       "          [-0.91776329, -0.99760955, -0.96684781, ..., -0.91785384,\n",
       "           -0.90108891, -0.89571582],\n",
       "          ...,\n",
       "          [-0.96678954, -0.99673857, -0.91785384, ..., -0.8482622 ,\n",
       "           -0.82620067, -0.81924576],\n",
       "          [-0.97631549, -0.99267016, -0.90108891, ..., -0.82620067,\n",
       "           -0.80279316, -0.79543768],\n",
       "          [-0.97888953, -0.99111716, -0.89571582, ..., -0.81924576,\n",
       "           -0.79543768, -0.78796312]]]),\n",
       "  8: array([[[-0.66327596, -0.6856675 , -0.77628486, ..., -0.43372559,\n",
       "           -0.71454046, -0.87882489],\n",
       "          [-0.6856675 , -0.70742822, -0.79504594, ..., -0.46085289,\n",
       "           -0.735429  , -0.89289143],\n",
       "          [-0.77628486, -0.79504594, -0.86857217, ..., -0.5746582 ,\n",
       "           -0.81892194, -0.9447912 ],\n",
       "          ...,\n",
       "          [-0.43372559, -0.46085289, -0.5746582 , ..., -0.17121142,\n",
       "           -0.49636171, -0.71514356],\n",
       "          [-0.71454046, -0.735429  , -0.81892194, ..., -0.49636171,\n",
       "           -0.76222682, -0.91036823],\n",
       "          [-0.87882489, -0.89289143, -0.9447912 , ..., -0.71514356,\n",
       "           -0.91036823, -0.98889083]],\n",
       "  \n",
       "         [[-0.99964643, -0.94700217, -0.83834847, ..., -0.77683943,\n",
       "           -0.85491951, -0.97137067],\n",
       "          [-0.94700217, -0.80952292, -0.63947432, ..., -0.55569505,\n",
       "           -0.66310806, -0.85755716],\n",
       "          [-0.83834847, -0.63947432, -0.42981654, ..., -0.33317975,\n",
       "           -0.45772853, -0.70397362],\n",
       "          ...,\n",
       "          [-0.77683943, -0.55569505, -0.33317975, ..., -0.23289983,\n",
       "           -0.36238273, -0.62595959],\n",
       "          [-0.85491951, -0.66310806, -0.45772853, ..., -0.36238273,\n",
       "           -0.48519643, -0.72575146],\n",
       "          [-0.97137067, -0.85755716, -0.70397362, ..., -0.62595959,\n",
       "           -0.72575146, -0.89908038]],\n",
       "  \n",
       "         [[-0.99999321, -0.99961779, -0.9990271 , ..., -0.82992431,\n",
       "           -0.54663628, -0.2966122 ],\n",
       "          [-0.99961779, -0.9986684 , -0.99768362, ..., -0.81631903,\n",
       "           -0.52641549, -0.27364477],\n",
       "          [-0.9990271 , -0.99768362, -0.99642834, ..., -0.80669816,\n",
       "           -0.51234513, -0.25777112],\n",
       "          ...,\n",
